00011000000111010000000000000000
00011000000111000000001111111111
00011011101111100000000000000000
00011000000111010000000000000001
00011000000111010000000000000001
00001000000000000000000000000110
00010111110111110000000000000000
00010011110000010000000000000001
00101000000000100000000000001010
00000000010000000000100000001111
00010111110000010000000000000001
00010011110000010000000000000001
00000000001000001101100000001111
00000011011000000000000000000001
00000100000000000000000000000000
00010011110000010000000000000001
00010011110000100000000000000001
00101000000000110000000000000011
00000000010000110010000000000010
00000000100000000000100000001111
00010111110000010000000000000001
00010011110000010000000000000001
00000000001000001101100000001111
00000011011000000000000000000001
00000100000000000000000000000000
00110000000000000000000000000000