00011000000111010000000000000000
00011000000111000000001111111111
00011011101111100000000000000000
00011000000111010000000000000001
00011000000111010000000000000110
00001000000000000000000000000110
00010111110111110000000000000000
00011111100111000000000001010000
00010111110111000000000000000001
00010011110101010000000000000010
00101000000101100000000100000000
00000010110000001010100000001111
00010111110101010000000000000010
00010011110101010000000000000101
00101000000101100000000000000001
00000010110000001010100000001111
00010111110101010000000000000101
00010011110101010000000000000110
00101000000101100000000000000001
00000010110000001010100000001111
00010111110101010000000000000110
00010011110101010000000000000110
00101000000101100000000000000001
00000010101101101011100000001000
00100110111000000000000000011010
00001000000000000000000001110001
00010011110101010000000000000101
00111010101101100000000000000000
00010111110101100000000000000100
00010011110101010000000000000100
00101000000101100000000000000001
00000010101101101100000000001000
00100111000000000000000000100010
00001000000000000000000001100000
00010011110101010000000000000011
00010011110101010000000000000001
00010011110101100000000000000101
00011110110101100000000000000001
00101000000101110000000000010100
00000010110101111100000000000100
00000011000101011100000000000010
00010011000000010000000000000000
00010011000000100000000000000001
00010011000000110000000000000010
00010011000001000000000000000011
00010011000001010000000000000100
00010011000001100000000000000101
00010011000001110000000000000110
00010011000010000000000000000111
00010011000010010000000000001000
00010011000010100000000000001001
00010011000010110000000000001010
00010011000011000000000000001011
00010011000011010000000000001100
00010011000011100000000000001101
00010011000011110000000000001110
00010011000100000000000000001111
00010011000100010000000000010000
00010011000100100000000000010001
00010011000100110000000000010010
00010011000101000000000000010011
00010011110101100000000000000101
00010011110110010000000000000010
00000010110110011101000000000100
00000011010000001010100000001111
00010111110101010000000000000011
00010011110101010000000000000101
00010011110101100000000000000011
00110110101101100000000000000000
00010011110101010000000000000001
00010011110101100000000000000101
00011110110101100000000000000001
00101000000101110000000000010100
00000010110101111100000000000100
00000011000101011100000000000010
00010111000000010000000000000000
00010111000000100000000000000001
00010111000000110000000000000010
00010111000001000000000000000011
00010111000001010000000000000100
00010111000001100000000000000101
00010111000001110000000000000110
00010111000010000000000000000111
00010111000010010000000000001000
00010111000010100000000000001001
00010111000010110000000000001010
00010111000011000000000000001011
00010111000011010000000000001100
00010111000011100000000000001101
00010111000011110000000000001110
00010111000100000000000000001111
00010111000100010000000000010000
00010111000100100000000000010001
00010111000100110000000000010010
00010111000101000000000000010011
00001000000000000000000001100000
00010011110101010000000000000101
00010011110101100000000000000101
00101000000110000000000000000001
00000010110110001100100000000010
00000011001000001010100000001111
00010111110101010000000000000101
00010011110101010000000000000101
00101000000101100000000000000100
00000010101101101100000000001000
00100111000000000000000001101011
00001000000000000000000001110000
00010011110101010000000000000101
00101000000101100000000000000001
00000010110000001010100000001111
00010111110101010000000000000101
00001000000000000000000001110000
00001000000000000000000000011010
00000000000000000000000000000000